__Output__

Original Table:
[1, 1, 1, 1, 0]
[1, 1, 1, 0, 1]
[1, 1, 0, 1, 1]
[1, 1, 0, 0, 1]
[1, 0, 1, 1, 1]
[1, 0, 1, 0, 0]
[1, 0, 0, 1, 0]
[1, 0, 0, 0, 1]
[0, 1, 1, 1, 0]
[0, 1, 1, 0, 1]
[0, 1, 0, 1, 1]
[0, 1, 0, 0, 1]
[0, 0, 1, 1, 1]
[0, 0, 1, 0, 0]
[0, 0, 0, 1, 0]
[0, 0, 0, 0, 1]
Number of Rows: 16
Active Cells (Cars): 42

Reflected Table:
[0, 1, 1, 1, 1]
[1, 0, 1, 1, 1]
[1, 1, 0, 1, 1]
[1, 0, 0, 1, 1]
[1, 1, 1, 0, 1]
[0, 0, 1, 0, 1]
[0, 1, 0, 0, 1]
[1, 0, 0, 0, 1]
[0, 1, 1, 1, 0]
[1, 0, 1, 1, 0]
[1, 1, 0, 1, 0]
[1, 0, 0, 1, 0]
[1, 1, 1, 0, 0]
[0, 0, 1, 0, 0]
[0, 1, 0, 0, 0]
[1, 0, 0, 0, 0]

XNOR Table:
[0, 1, 1, 1, 0]
[1, 0, 1, 0, 1]
[1, 1, 1, 1, 1]
[1, 0, 1, 0, 1]
[1, 0, 1, 0, 1]
[0, 1, 1, 1, 0]
[0, 0, 1, 0, 0]
[1, 1, 1, 1, 1]
[1, 1, 1, 1, 1]
[0, 0, 1, 0, 0]
[0, 1, 1, 1, 0]
[0, 0, 1, 0, 0]
[0, 0, 1, 0, 0]
[1, 1, 1, 1, 1]
[1, 0, 1, 0, 1]
[0, 1, 1, 1, 0]
Number of Rows: 16
Active Cells (Cars): 48

Combined XNOR Table:
[0, 0, 1]
[1, 1, 1]
[1, 1, 1]
[1, 1, 1]
[1, 1, 1]
[0, 0, 1]
[0, 0, 1]
[1, 1, 1]
[0, 1, 0]
[1, 0, 0]
[1, 0, 0]
[1, 0, 0]
[1, 0, 0]
[0, 1, 0]
[0, 1, 0]
[1, 0, 0]

Movement Analysis for Binary Table Rightmost Column:
[0, 1, 1, 1, 1, 0, 0, 1, 0, 1, 1, 1, 1, 0, 0, 1]
[1, 1, 1, 1, 0, 0, 1, 0, 1, 1, 1, 1, 0, 0, 1, 0]
[1, 1, 1, 1, 0, 1, 0, 1, 1, 1, 1, 0, 0, 1, 0, 0]
[1, 1, 1, 1, 1, 0, 1, 1, 1, 1, 0, 0, 1, 0, 0, 0]
[1, 1, 1, 1, 1, 1, 1, 1, 1, 0, 0, 1, 0, 0, 0, 0]
[1, 1, 1, 1, 1, 1, 1, 1, 1, 0, 1, 0, 0, 0, 0, 0]
[1, 1, 1, 1, 1, 1, 1, 1, 1, 1, 0, 0, 0, 0, 0, 0]
Total Moves: 29

Movement Analysis for XNOR Table Rightmost Column:
[0, 1, 1, 1, 1, 0, 0, 1, 1, 0, 0, 0, 0, 1, 1, 0]
[1, 1, 1, 1, 0, 0, 1, 1, 0, 0, 0, 0, 1, 1, 0, 0]
[1, 1, 1, 1, 0, 1, 1, 0, 0, 0, 0, 1, 1, 0, 0, 0]
[1, 1, 1, 1, 1, 1, 0, 0, 0, 0, 1, 1, 0, 0, 0, 0]
[1, 1, 1, 1, 1, 1, 0, 0, 0, 1, 1, 0, 0, 0, 0, 0]
[1, 1, 1, 1, 1, 1, 0, 0, 1, 1, 0, 0, 0, 0, 0, 0]
[1, 1, 1, 1, 1, 1, 0, 1, 1, 0, 0, 0, 0, 0, 0, 0]
[1, 1, 1, 1, 1, 1, 1, 1, 0, 0, 0, 0, 0, 0, 0, 0]
Total Moves: 24
